Round 5:  8 (3.5), 1 (3), 2 4 5 7 9 16 17 (2.5), 3 6 11 13 15 (2), 10 20 (1.5), 12 18 19 (1), 14 (0), 
	Round 5 Pairing Groups
-------------------------------------------------------------------------
Place  No  Opponents     Roles     Float Score
1
       8   18,5,3,1       BWBW      dD  3.5
2
       1   11,10,6,8      WBWB      U   3
3-9
       2   12,7,9,5       BWBW          2.5
       4   14,9,7,17      BWBW          2.5
       5   15,8,13,2      WBWB          2.5
       7   17,2,4,9       WBWB          2.5
       9   19,4,2,7       WBWW          2.5
       16  6,19,11,10     WBWB          2.5
       17  7,14,12,4      BWBB      d   2.5
10-14
       3   13,6,8,11      WBWB      u   2
       6   16,3,1,15      BWBW          2
       11  1,12,16,3      BWBW          2
       13  3,18,5,19      BWBW          2
       15  5,20,10,6      BWWB          2
15-16
       10  20,1,15,16     BWBW          1.5
       20  10,15,18,12    WBBW      D   1.5
17-19
       12  2,11,17,20     WBWB      uU  1
       18  8,13,20,14     WBWW          1
       19  9,16,14,13     BWBB          1
20
       14  4,17,19,18     WBWB          0
