0.319748 141
0.169507 1
1.259885 1
0.119150 1
0.169056 1
0.130909 1
0.393963 1
0.157088 1
0.189565 1
0.138994 1
0.256956 1
1.497455 4
0.408195 4
0.160510 1
0.190365 8
0.150736 2
0.512335 240
0.227323 22
0.139991 8
1.035690 1
2.457776 1
0.118726 1
0.087054 1
0.154351 1
0.200103 1
0.129781 1
0.234070 1
0.094627 1
0.071539 1
0.059876 1
0.699543 2
3.452651 39
0.006722 2
0.969349 8
0.005038 2
0.159453 8
0.006202 1
0.987650 1
0.168963 1
0.162410 1
0.136308 2
0.913429 82
0.093773 141
0.085712 1
1.992260 1
0.248258 1
0.151830 1
0.157859 8
