24 02 2001	14232
27 02 2001	14270
01 03 2001	14301
01 03 2001	14273
02 03 2001	14316
03 03 2001	14335
04 03 2001	14333
05 03 2001	14338
06 03 2001	14351
07 03 2001	14383
08 03 2001	14399
09 03 2001	14419
10 03 2001	14443
11 03 2001	14458
12 03 2001	14464
13 03 2001	14486
14 03 2001	14501
15 03 2001	14511
16 03 2001	14526
17 03 2001	14543
18 03 2001	14541
19 03 2001	14546
20 03 2001	14555
21 03 2001	14560
22 03 2001	14581
23 03 2001	14604
24 03 2001	14622
25 03 2001	14625
26 03 2001	14635
27 03 2001	14653
28 03 2001	14668
29 03 2001	14698
30 03 2001	14726
01 04 2001	14733
03 04 2001	14753
04 04 2001	14775
05 04 2001	14784
06 04 2001	14802
07 04 2001	14815
08 04 2001	14826
09 04 2001	14841
10 04 2001	14867
11 04 2001	14890
12 04 2001	14898
13 04 2001	14915
14 04 2001	14927
15 04 2001	14928
16 04 2001	14941
17 04 2001	14946
18 04 2001	14966
19 04 2001	14974
20 04 2001	15004
21 04 2001	15022
22 04 2001	15030
23 04 2001	15040
24 04 2001	15053
25 04 2001	15060
26 04 2001	15084
27 04 2001	15093
28 04 2001	15111
29 04 2001	15123
30 04 2001	15139
01 05 2001	15154
02 05 2001	15171
03 05 2001	15180
04 05 2001	15189
05 05 2001	15201
06 05 2001	15209
07 05 2001	15222
08 05 2001	15250
09 05 2001	15260
10 05 2001	15272
11 05 2001	15289
12 05 2001	15302
13 05 2001	15304
14 05 2001	15315
15 05 2001	15330
16 05 2001	15353
17 05 2001	15385
18 05 2001	15404
19 05 2001	15440
20 05 2001	15448
21 05 2001	15455
22 05 2001	15476
23 05 2001	15505
24 05 2001	15525
25 05 2001	15547
26 05 2001	15560
27 05 2001	15573
28 05 2001	15601
29 05 2001	15603
30 05 2001	15636
31 05 2001	15660
01 06 2001	15690
02 06 2001	15712
03 06 2001	15716
04 06 2001	15730
05 06 2001	15745
06 06 2001	15758
07 06 2001	15775
08 06 2001	15805
09 06 2001	15830
10 06 2001	15839
11 06 2001	15843
12 06 2001	15859
13 06 2001	15876
14 06 2001	15899
15 06 2001	15929
16 06 2001	15959
17 06 2001	15976
18 06 2001	15981
19 06 2001	15993
20 06 2001	16014
21 06 2001	16037
22 06 2001	16060
23 06 2001	16078
24 06 2001	16094
25 06 2001	16103
26 06 2001	16115
27 06 2001	16143
29 06 2001	16182
30 06 2001	16201
01 07 2001	16211
02 07 2001	16226
03 07 2001	16241
04 07 2001	16255
05 07 2001	16262
09 07 2001	16301
09 07 2001	16289
10 07 2001	16324
11 07 2001	16339
12 07 2001	16359
13 07 2001	16383
15 07 2001	16435
16 07 2001	16462
17 07 2001	16483
18 07 2001	16503
19 07 2001	16526
22 07 2001	16519
22 07 2001	16513
25 07 2001	16566
25 07 2001	16540
27 07 2001	16649
29 07 2001	16668
30 07 2001	16680
31 07 2001	16698
01 08 2001	16713
03 08 2001	16745
04 08 2001	16762
05 08 2001	16771
06 08 2001	16781
07 08 2001	16814
08 08 2001	16852
09 08 2001	16893
10 08 2001	16922
11 08 2001	16935
12 08 2001	16953
13 08 2001	16956
14 08 2001	16990
15 08 2001	17009
16 08 2001	17021
17 08 2001	17030
18 08 2001	17051
19 08 2001	17063
20 08 2001	17084
21 08 2001	17096
22 08 2001	17109
23 08 2001	17132
24 08 2001	17154
25 08 2001	17158
26 08 2001	17180
27 08 2001	17200
28 08 2001	17227
29 08 2001	17252
30 08 2001	17278
31 08 2001	17294
01 09 2001	17305
02 09 2001	17309
03 09 2001	17314
04 09 2001	17328
05 09 2001	17339
06 09 2001	17354
07 09 2001	17366
08 09 2001	17381
09 09 2001	17388
10 09 2001	17405
11 09 2001	17424
12 09 2001	17431
13 09 2001	17464
14 09 2001	17482
15 09 2001	17513
16 09 2001	17531
17 09 2001	17543
18 09 2001	17561
19 09 2001	17577
20 09 2001	17605
21 09 2001	17640
22 09 2001	17657
23 09 2001	17671
24 09 2001	17684
25 09 2001	17709
26 09 2001	17719
28 09 2001	17761
29 09 2001	17740
30 09 2001	17725
01 10 2001	17743
03 10 2001	17785
04 10 2001	17805
05 10 2001	17815
06 10 2001	17827
08 10 2001	17857
09 10 2001	17870
10 10 2001	17880
11 10 2001	17894
12 10 2001	17917
13 10 2001	17940
15 10 2001	17943
16 10 2001	17962
17 10 2001	17981
18 10 2001	18001
19 10 2001	18022
21 10 2001	18067
22 10 2001	18070
23 10 2001	18071
24 10 2001	18084
25 10 2001	18100
26 10 2001	18114
27 10 2001	18126
28 10 2001	18140
29 10 2001	18141
30 10 2001	18157
31 10 2001	18178
01 11 2001	18190
02 11 2001	18205
03 11 2001	18220
04 11 2001	18230
05 11 2001	18240
06 11 2001	18255
07 11 2001	18271
08 11 2001	18278
09 11 2001	18296
10 11 2001	18312
11 11 2001	18324
12 11 2001	18345
13 11 2001	18356
14 11 2001	18367
15 11 2001	18369
16 11 2001	18390
17 11 2001	18403
18 11 2001	18410
19 11 2001	18422
20 11 2001	18434
21 11 2001	18455
22 11 2001	18468
23 11 2001	18477
24 11 2001	18490
25 11 2001	18502
26 11 2001	18512
27 11 2001	18528
28 11 2001	18549
29 11 2001	18555
30 11 2001	18564
01 12 2001	18576
03 12 2001	18577
04 12 2001	18600
05 12 2001	18615
06 12 2001	18645
07 12 2001	18657
08 12 2001	18669
09 12 2001	18676
10 12 2001	18675
11 12 2001	18698
12 12 2001	18708
13 12 2001	18716
14 12 2001	18725
15 12 2001	18733
16 12 2001	18737
17 12 2001	18742
18 12 2001	18755
19 12 2001	18763
20 12 2001	18781
21 12 2001	18794
22 12 2001	18800
23 12 2001	18805
24 12 2001	18808
25 12 2001	18810
26 12 2001	18815
27 12 2001	18821
28 12 2001	18828
29 12 2001	18843
30 12 2001	18849
31 12 2001	18865
01 01 2002	18876
02 01 2002	18885
03 01 2002	18901
04 01 2002	18913
05 01 2002	18931
06 01 2002	18945
07 01 2002	18950
08 01 2002	18967
09 01 2002	18999
10 01 2002	19016
11 01 2002	19033
12 01 2002	19046
13 01 2002	19056
14 01 2002	19066
15 01 2002	19088
16 01 2002	19117
17 01 2002	19140
18 01 2002	19159
19 01 2002	19172
20 01 2002	19179
22 01 2002	19188
23 01 2002	19206
24 01 2002	19241
25 01 2002	19256
26 01 2002	19275
27 01 2002	19285
28 01 2002	19294
29 01 2002	19302
31 01 2002	19333
31 01 2002	19321
01 02 2002	19353
02 02 2002	19364
03 02 2002	19376
04 02 2002	19382
05 02 2002	19409
06 02 2002	19420
07 02 2002	19442
08 02 2002	19469
09 02 2002	19484
12 02 2002	19513
12 02 2002	19499
13 02 2002	19535
14 02 2002	19542
15 02 2002	19559
16 02 2002	19575
17 02 2002	19579
18 02 2002	19590
19 02 2002	19603
20 02 2002	19627
21 02 2002	19637
22 02 2002	19651
23 02 2002	19668
26 02 2002	19704
26 02 2002	19689
27 02 2002	19713
28 02 2002	19734
01 03 2002	19754
02 03 2002	19777
03 03 2002	19794
04 03 2002	19799
05 03 2002	19814
06 03 2002	19826
07 03 2002	19859
08 03 2002	19875
09 03 2002	19899
10 03 2002	19918
11 03 2002	19924
12 03 2002	19927
13 03 2002	19917
14 03 2002	19950
15 03 2002	19962
16 03 2002	19978
17 03 2002	19986
18 03 2002	19994
19 03 2002	19971
20 03 2002	19975
21 03 2002	19997
22 03 2002	20020
23 03 2002	20028
24 03 2002	20033
26 03 2002	20050
27 03 2002	20066
28 03 2002	20083
29 03 2002	20104
30 03 2002	20116
31 03 2002	20123
02 04 2002	20145
04 04 2002	20175
05 04 2002	20212
07 04 2002	20226
08 04 2002	20255
09 04 2002	20269
10 04 2002	20312
11 04 2002	20335
14 04 2002	20374
14 04 2002	20299
16 04 2002	20032
17 04 2002	19985
18 04 2002	19976
19 04 2002	20011
20 04 2002	20039
21 04 2002	20079
23 04 2002	20096
24 04 2002	20122
25 04 2002	20125
26 04 2002	20147
28 04 2002	20132
29 04 2002	20101
30 04 2002	20080
03 05 2002	20097
04 05 2002	20102
05 05 2002	20065
06 05 2002	20042
07 05 2002	20057
08 05 2002	20078
09 05 2002	20087
10 05 2002	20091
11 05 2002	20100
12 05 2002	20109
13 05 2002	20110
14 05 2002	20130
15 05 2002	20134
16 05 2002	20138
17 05 2002	20140
18 05 2002	20156
19 05 2002	20159
20 05 2002	20165
21 05 2002	20173
22 05 2002	20185
23 05 2002	20194
24 05 2002	20211
25 05 2002	20233
26 05 2002	20225
27 05 2002	20237
28 05 2002	20248
29 05 2002	20262
30 05 2002	20281
31 05 2002	20297
01 06 2002	20310
02 06 2002	20316
03 06 2002	20317
04 06 2002	20321
05 06 2002	20343
06 06 2002	20362
07 06 2002	20356
08 06 2002	20386
09 06 2002	20390
10 06 2002	20405
11 06 2002	20426
12 06 2002	20443
13 06 2002	20470
14 06 2002	20496
15 06 2002	20513
16 06 2002	20511
17 06 2002	20533
18 06 2002	20544
19 06 2002	20567
20 06 2002	20597
21 06 2002	20611
22 06 2002	20632
23 06 2002	20644
24 06 2002	20651
25 06 2002	20672
26 06 2002	20702
27 06 2002	20713
28 06 2002	20744
29 06 2002	20755
30 06 2002	20766
01 07 2002	20770
02 07 2002	20784
03 07 2002	20803
05 07 2002	20826
06 07 2002	20836
07 07 2002	20848
08 07 2002	20845
10 07 2002	20866
11 07 2002	20873
13 07 2002	20900
15 07 2002	20876
16 07 2002	20882
17 07 2002	20870
18 07 2002	20885
19 07 2002	20901
20 07 2002	20891
21 07 2002	20899
22 07 2002	20886
23 07 2002	20894
24 07 2002	20904
25 07 2002	20917
26 07 2002	20929
27 07 2002	20944
30 07 2002	20952
31 07 2002	20964
01 08 2002	20988
02 08 2002	21006
03 08 2002	21018
04 08 2002	21049
05 08 2002	21059
06 08 2002	21054
07 08 2002	21077
08 08 2002	21093
09 08 2002	21127
10 08 2002	21160
11 08 2002	21133
12 08 2002	21143
13 08 2002	21114
14 08 2002	21108
15 08 2002	21122
16 08 2002	21097
18 08 2002	21074
19 08 2002	21063
20 08 2002	21081
21 08 2002	21089
22 08 2002	21094
23 08 2002	21107
24 08 2002	21125
25 08 2002	21134
26 08 2002	21139
27 08 2002	21164
29 08 2002	21183
30 08 2002	21203
31 08 2002	21215
01 09 2002	21222
02 09 2002	21245
03 09 2002	21259
04 09 2002	21263
05 09 2002	21277
06 09 2002	21300
07 09 2002	21321
08 09 2002	21324
09 09 2002	21334
10 09 2002	21347
11 09 2002	21358
12 09 2002	21367
13 09 2002	21371
14 09 2002	21389
15 09 2002	21409
16 09 2002	21402
17 09 2002	21424
18 09 2002	21430
19 09 2002	21459
21 09 2002	21497
22 09 2002	21517
23 09 2002	21532
24 09 2002	21572
25 09 2002	21563
26 09 2002	21573
27 09 2002	21586
28 09 2002	21576
29 09 2002	21599
03 10 2002	21590
05 10 2002	21621
06 10 2002	21627
07 10 2002	21628
08 10 2002	21644
09 10 2002	21663
10 10 2002	21679
11 10 2002	21691
12 10 2002	21698
13 10 2002	21702
14 10 2002	21713
16 10 2002	21721
17 10 2002	21708
18 10 2002	21716
19 10 2002	21724
20 10 2002	21731
21 10 2002	21742
22 10 2002	21747
23 10 2002	21764
24 10 2002	21777
25 10 2002	21795
26 10 2002	21828
27 10 2002	21826
28 10 2002	21829
29 10 2002	21832
30 10 2002	21854
31 10 2002	21861
01 11 2002	21871
02 11 2002	21881
03 11 2002	21897
04 11 2002	21893
05 11 2002	21906
06 11 2002	21932
07 11 2002	21967
08 11 2002	21975
09 11 2002	21984
11 11 2002	21994
12 11 2002	21993
13 11 2002	22017
14 11 2002	22047
15 11 2002	22059
17 11 2002	22082
18 11 2002	22088
19 11 2002	22100
20 11 2002	22124
21 11 2002	22137
22 11 2002	22154
24 11 2002	22172
25 11 2002	22184
26 11 2002	22181
27 11 2002	22205
28 11 2002	22223
29 11 2002	22246
30 11 2002	22248
01 12 2002	22256
02 12 2002	22260
03 12 2002	22280
04 12 2002	22302
05 12 2002	22333
06 12 2002	22342
07 12 2002	22357
08 12 2002	22368
09 12 2002	22388
10 12 2002	22401
11 12 2002	22415
12 12 2002	22438
13 12 2002	22465
14 12 2002	22496
15 12 2002	22503
17 12 2002	22525
18 12 2002	22549
19 12 2002	22588
20 12 2002	22625
21 12 2002	22642
22 12 2002	22640
23 12 2002	22655
24 12 2002	22630
25 12 2002	22645
27 12 2002	22651
28 12 2002	22654
29 12 2002	22472
30 12 2002	22477
31 12 2002	22482
01 01 2003	22491
02 01 2003	22495
03 01 2003	22518
04 01 2003	22548
05 01 2003	22554
07 01 2003	22560
08 01 2003	22576
09 01 2003	22567
10 01 2003	22586
11 01 2003	22622
12 01 2003	22648
13 01 2003	22662
14 01 2003	22684
21 01 2003	22701
29 01 2003	22843
06 02 2003	22856
14 02 2003	23003
22 02 2003	23143
02 03 2003	23234
10 03 2003	23327
18 03 2003	23480
26 03 2003	23483
03 04 2003	23542
11 04 2003	23641
19 04 2003	23731
27 04 2003	23850
05 05 2003	23895
13 05 2003	24000
21 05 2003	24096
29 05 2003	24194
06 06 2003	24275
14 06 2003	24343
22 06 2003	24444
30 06 2003	24516
08 07 2003	24589
16 07 2003	24706
24 07 2003	24840
01 08 2003	24892
09 08 2003	24983
17 08 2003	25027
25 08 2003	25107
02 09 2003	25200
10 09 2003	25283
18 09 2003	25390
26 09 2003	25463
04 10 2003	25475
12 10 2003	25484
20 10 2003	25444
27 10 2003	25546
04 11 2003	25650
12 11 2003	25743
20 11 2003	25838
28 11 2003	25885
06 12 2003	25875
14 12 2003	25976
22 12 2003	25990
08 01 2004	26043
16 01 2004	26129
24 01 2004	26257
01 02 2004	26361
09 02 2004	26263
17 02 2004	26321
25 02 2004	26447
04 03 2004	26549
12 03 2004	26673
20 03 2004	26763
28 03 2004	26856
05 04 2004	26970
13 04 2004	27179
21 04 2004	27317
29 04 2004	27439
06 05 2004	27573
14 05 2004	27643
22 05 2004	27759
30 05 2004	27881
07 06 2004	27971
15 06 2004	28077
23 06 2004	28119
01 07 2004	28160
09 07 2004	28255
17 07 2004	28340
25 07 2004	28372
02 08 2004	28384
10 08 2004	28501
18 08 2004	28616
26 08 2004	28724
03 09 2004	28800
11 09 2004	28866
19 09 2004	28988
26 09 2004	29072
04 10 2004	29177
12 10 2004	29272
20 10 2004	29375
28 10 2004	29463
04 11 2004	29556
12 11 2004	29604
20 11 2004	29696
28 11 2004	29752
06 12 2004	29834
13 12 2004	29902
21 12 2004	29936
29 12 2004	29985
14 01 2005	30043
22 01 2005	30119
30 01 2005	30214
07 02 2005	30297
14 02 2005	30381
22 02 2005	30441
02 03 2005	30520
17 03 2005	30632
25 03 2005	30657
01 04 2005	30713
09 04 2005	30779
16 04 2005	30852
23 04 2005	30906
02 05 2005	30985
10 05 2005	30975
18 05 2005	30998
26 05 2005	31048
03 06 2005	31090
11 06 2005	31189
19 06 2005	31252
27 06 2005	31253
13 07 2005	31332
21 07 2005	31283
29 07 2005	31294
08 08 2005	31291
13 08 2005	31311
14 08 2005	31311
15 08 2005	31311
16 08 2005	31311
17 08 2005	31325
18 08 2005	31325
19 08 2005	31325
20 08 2005	31325
21 08 2005	31325
22 08 2005	31325
23 08 2005	31325
24 08 2005	31325
25 08 2005	31311
26 08 2005	31311
27 08 2005	31311
28 08 2005	31311
29 08 2005	31311
30 08 2005	31311
31 08 2005	31311
01 09 2005	31311
02 09 2005	31321
03 09 2005	31321
04 09 2005	31321
05 09 2005	31321
06 09 2005	31321
07 09 2005	31321
08 09 2005	31321
09 09 2005	31321
10 09 2005	31328
11 09 2005	31328
12 09 2005	31328
13 09 2005	31328
14 09 2005	31328
15 09 2005	31328
16 09 2005	31328
17 09 2005	31328
18 09 2005	31360
19 09 2005	31360
20 09 2005	31360
21 09 2005	31360
22 09 2005	31360
23 09 2005	31360
24 09 2005	31360
25 09 2005	31360
26 09 2005	31346
27 09 2005	31346
28 09 2005	31346
29 09 2005	31346
30 09 2005	31346
01 10 2005	31346
02 10 2005	31346
03 10 2005	31346
04 10 2005	31391
05 10 2005	31391
06 10 2005	31391
07 10 2005	31391
08 10 2005	31391
09 10 2005	31391
10 10 2005	31391
11 10 2005	31438
12 10 2005	31438
13 10 2005	31438
14 10 2005	31438
15 10 2005	31438
16 10 2005	31438
17 10 2005	31438
18 10 2005	31438
19 10 2005	31490
20 10 2005	31490
21 10 2005	31490
22 10 2005	31490
23 10 2005	31490
24 10 2005	31490
25 10 2005	31490
26 10 2005	31490
27 10 2005	31545
28 10 2005	31545
29 10 2005	31545
30 10 2005	31545
31 10 2005	31545
01 11 2005	31545
07 11 2005	31590
08 11 2005	31590
09 11 2005	31590
10 11 2005	31590
11 11 2005	31590
12 11 2005	31590
13 11 2005	31590
14 11 2005	31590
15 11 2005	31609
16 11 2005	31609
17 11 2005	31609
18 11 2005	31609
19 11 2005	31609
20 11 2005	31609
21 11 2005	31609
22 11 2005	31609
23 11 2005	31641
24 11 2005	31641
25 11 2005	31641
26 11 2005	31641
27 11 2005	31641
28 11 2005	31641
29 11 2005  31641
30 11 2005	31641
01 12 2005	31705
02 12 2005	31705
03 12 2005	31705
04 12 2005	31705
05 12 2005	31705
06 12 2005	31705
07 12 2005	31705
08 12 2005	31705
09 12 2005	31745
10 12 2005	31745
11 12 2005	31745
12 12 2005	31745
13 12 2005	31745
14 12 2005	31745
15 12 2005	31745
16 12 2005	31745
17 12 2005	31774
18 12 2005	31774
19 12 2005	31774
20 12 2005	31774
21 12 2005	31774
22 12 2005	31774
23 12 2005	31774
24 12 2005	31807
25 12 2005	31807
26 12 2005	31807
27 12 2005	31807
28 12 2005	31807
29 12 2005	31807
30 12 2005	31807
31 12 2005	31807
01 01 2006	31829
02 01 2006	31829
03 01 2006	31829
04 01 2006	31829
05 01 2006	31829
06 01 2006	31829
07 01 2006	31829
08 01 2006	31829
09 01 2006	31820
10 01 2006	31820
11 01 2006	31820
12 01 2006	31820
13 01 2006	31820
14 01 2006	31820
15 01 2006	31820
16 01 2006	31820
17 01 2006	31866
18 01 2006	31866
19 01 2006	31866
20 01 2006	31866
21 01 2006	31866
22 01 2006	31866
23 01 2006	31866
24 01 2006	31866
25 01 2006	31884
26 01 2006	31884
27 01 2006	31884
28 01 2006	31884
29 01 2006	31884
31 01 2006	31884
01 02 2006	31884
02 02 2006	31905
03 02 2006	31905
04 02 2006	31905
05 02 2006	31905
06 02 2006	31905
07 02 2006	31905
08 02 2006	31905
09 02 2006	31905
10 02 2006	31939
11 02 2006	31939
12 02 2006	31939
13 02 2006	31939
14 02 2006	31939
15 02 2006	31939
16 02 2006	31939
17 02 2006	31939
18 02 2006	31961
19 02 2006	31961
20 02 2006	31961
21 02 2006	31961
22 02 2006	31961
23 02 2006	31961
24 02 2006	31961
25 02 2006	31961
26 02 2006	31981
27 02 2006	31981
28 02 2006	31981
01 03 2006	31981
02 03 2006	31981
03 03 2006	31981
04 03 2006	31981
05 03 2006	31981
06 03 2006	31975
07 03 2006	31975
08 03 2006	31975
09 03 2006	31975
10 03 2006	31975
11 03 2006	31975
12 03 2006	31975
13 03 2006	31975
14 03 2006	31943
15 03 2006	31943
16 03 2006	31943
17 03 2006	31943
18 03 2006	31943
19 03 2006	31943
20 03 2006	31943
21 03 2006	31943
22 03 2006	31951
23 03 2006	31951